0 0.735998 0.707436 0.555312 0.720199 0.895799 0.404132 0.684604 0.456678 0.655196 0.980491 0.442157 0.846149 0.720048 0.492326 0.639508 0.139832 0.992222 0.629112 0.325898 0.700381 0.222306 0.685469 0.729858 0.457772 0.0576929 0.449231 0.569626 0.104405 0.371608 0.738287 0.675107 0.674397 0.657706 0.347839 0.592396 1 0.651457 0.273954 0.592523 0.282146 0.501735 1 0.55476 0.863723 0.795419 0.922021 0.335047 0.483579 0.693957 0.452568 0.715699 0.706874 0.454442 0.703341 0.423156 0.881188 0.259802 0.172793 0.689785 0.544294 0.606355 0.567701 0.586542 0.661697 0.475439 0.723297 0.908164 0.544289 0.992336 0.62861 0.615524 0.697548 1 0.321113 0.579179 0.994167 0.733988 1 0.733292 0.165384 0.456517 0.639123 0.657478 0.464581 0.203548 0.0569792 0.694201 0.95728 0.644098 1 0.412319 0.512572 0.726159 0.450612 0.431074 0.934717 0.468092 0.376255 0.357349 1 0.811128 0.38639 0.825167 0.648502 0.631843 0.667616 0.522005 0.579536 0.533555 0.396189 0.301414 0.66521 0.418504
0.735998 0 1 0.295682 0.0503779 1 0.551039 1 0.494426 0.160638 0.997075 0.528762 1 1 0.389881 0.176242 0.692427 0.990865 0.190155 0.812365 0.0910131 0.781554 0.119399 0.0161251 0.867072 0.747115 0.525237 1 0.711363 0.829993 0.00589898 1 0.14555 1 0.597014 0.238446 1 1 0.794939 1 0.624727 0.372797 0.861599 0.986034 1 1 0.755753 0.602724 0.408016 0.104915 0.509925 0.0611514 0.0765103 0.504335 0.0838398 0.540368 1 0.635239 0.677098 0.110543 0.967823 0.222096 0.27955 1 0.157513 0.429253 0.0405594 1 0.309225 1 1 1 0.0986138 0.97558 0.609139 1 0.975102 1 1 0.00630119 0.769482 0.485409 1 0.85208 0.460521 0.661023 0.724778 1 0.959509 1 1 0.544717 0.358872 0.0286767 0.517017 0.535377 1 0.446275 0.575928 0.590845 1 1 0.567277 1 0.166374 1 0.155639 0.93085 0.258341 0.322736 0.559005 0.616799 1 0.847009
0.707436 1 0 1 1 0.252804 0.908776 0.0730925 0.977179 1 0.985425 0.942268 0.182187 0.0397119 1 1 0.776377 0.990525 1 0.524734 1 0.586536 1 1 0.446735 0.681884 0.947635 0.372611 0.751889 0.493535 1 0.104638 1 0.212662 0.865875 1 0.771605 0.241118 0.557385 0.350292 0.840378 1 1 0.374486 0.210049 0.124042 1 0.858209 1 1 0.966295 1 1 0.971873 1 0.923332 0.231126 0.834397 0.798151 1 0.380516 1 1 0.361471 1 1 1 0.277446 1 0.977598 0.316554 0.324841 1 1 0.851564 0.367828 1 0.0686832 0.585272 1 0.618598 0.982895 0.29595 0.695011 0.994658 0.815197 0.729945 0.0415117 0.966715 0.268224 1 0.916476 1 1 0.957018 0.93062 0.327303 1 0.887176 0.872992 1 0.481252 0.894535 0.151664 1 0.308972 1 0.401045 1 1 0.901544 0.845127 0.139438 0.468222
0.555312 0.295682 1 0 0.262956 1 0.380425 1 0.284697 0.181239 0.988592 0.34426 1 1 0.146177 0.162007 0.506279 0.990476 0.149323 0.679156 0.231767 0.629954 0.208009 0.287966 0.75897 0.570666 0.336767 0.884628 0.523596 0.705539 0.297363 1 0.194719 1 0.424295 0.0940513 1 1 0.653171 0.943937 0.453683 0.134022 0.881995 0.865116 1 1 0.796821 0.430769 0.164007 0.218509 0.313509 0.256155 0.244143 0.299522 0.237983 0.363763 1 0.461547 0.490863 0.212733 0.84377 0.115629 0.032779 0.921511 0.18858 0.186941 0.269997 1 0.0330762 1 1 0.990319 0.225565 1 0.437972 0.903933 0.984287 1 1 0.292428 0.608165 0.267574 1 0.791298 0.228964 0.477239 0.539974 1 0.964148 1 1 0.371747 0.121233 0.277508 0.328778 0.356348 1 0.209421 0.405017 0.418473 1 1 0.397163 1 0.173985 1 0.191039 0.814177 0.0667631 0.0711508 0.388841 0.445651 1 0.731643
0.720199 0.0503779 1 0.262956 0 1 0.533699 1 0.471852 0.138404 0.995525 0.508638 1 1 0.35787 0.151957 0.674578 0.990556 0.164291 0.805862 0.0510975 0.771793 0.0906389 0.0376984 0.861594 0.730857 0.504132 0.992915 0.691447 0.825064 0.0553579 1 0.119166 1 0.576916 0.211022 1 1 0.786212 1 0.601821 0.340834 0.859359 0.977595 1 1 0.760498 0.582739 0.376481 0.0716724 0.488703 0.00858753 0.0298342 0.481152 0.0402466 0.519957 1 0.611886 0.656439 0.0804832 0.959916 0.194605 0.249025 1 0.13483 0.39928 0.00764324 1 0.27481 1 1 1 0.06233 0.969919 0.588266 1 0.976871 1 1 0.043864 0.757438 0.46174 1 0.844444 0.433101 0.639384 0.706776 1 0.959351 1 1 0.526795 0.326094 0.0200464 0.495171 0.513607 1 0.418549 0.555455 0.57065 1 1 0.547708 1 0.14347 1 0.130331 0.92379 0.230273 0.288673 0.540781 0.594621 1 0.842236
0.895799 1 0.252804 1 1 0 1 0.295774 1 1 0.995056 1 0.123601 0.2454 1 1 0.939062 0.991123 1 0.749971 1 0.810118 1 1 0.635673 0.880122 1 0.470164 0.923614 0.714486 1 0.32597 1 0.384706 1 1 0.777463 0.395001 0.783249 0.426991 0.978764 1 1 0.494023 0.0856035 0.195882 1 0.992522 1 1 1 1 1 1 1 1 0.0441158 0.975843 0.953483 1 0.519172 1 1 0.435394 1 1 1 0.0468852 1 0.936878 0.401109 0.405828 1 1 0.986485 0.4491 0.991017 0.23986 0.584304 1 0.836854 1 0.402974 0.755787 1 0.964596 0.909907 0.267935 0.974318 0.402285 1 1 1 1 1 1 0.12463 1 1 1 1 0.510263 1 0.15969 1 0.400902 1 0.558176 1 1 1 0.981669 0.347931 0.673139
0.404132 0.551039 0.908776 0.380425 0.533699 1 0 0.878953 0.236611 0.474892 0.982586 0.126275 1 0.921809 0.307906 0.461435 0.318745 0.992409 0.453116 0.541703 0.516727 0.497076 0.500935 0.544278 0.619824 0.430035 0.143908 0.72116 0.348421 0.565544 0.553381 0.864583 0.489725 0.837685 0.120232 0.41737 1 0.82979 0.518255 0.755441 0.198729 0.315961 0.933434 0.705434 1 0.978909 0.874776 0.134789 0.302322 0.508061 0.193528 0.530738 0.52329 0.225671 0.519705 0.0643709 1 0.222695 0.28999 0.504317 0.695863 0.431146 0.392797 0.742242 0.479885 0.29496 0.536808 1 0.368691 1 0.806106 0.794055 0.512604 1 0.15284 0.730647 0.991682 0.937395 1 0.548281 0.476518 0.252366 0.817391 0.717093 0.277398 0.267932 0.376096 0.893842 0.956364 0.823176 1 0.0319794 0.329575 0.540888 0.162065 0.0872155 1 0.287366 0.0803561 0.108719 1 0.934546 0.0582094 0.997143 0.468929 0.811896 0.484004 0.672209 0.404524 0.356361 0.0288585 0.176933 0.851976 0.592451
0.684604 1 0.0730925 1 1 0.295774 0.878953 0 0.948092 1 0.986096 0.914817 0.236793 0.103036 1 1 0.749204 0.99053 1 0.504905 1 0.571713 1 1 0.419995 0.663074 0.919858 0.352955 0.72626 0.471503 1 0.0407675 1 0.16057 0.834295 1 0.766472 0.19824 0.539771 0.335196 0.808406 1 1 0.352473 0.263432 0.180828 1 0.826594 0.992008 1 0.936145 1 1 0.942507 1 0.894828 0.283683 0.802582 0.768439 1 0.356535 1 1 0.346229 1 0.982945 1 0.304548 1 0.980684 0.306464 0.314137 1 1 0.819929 0.351457 1 0.132086 0.591669 1 0.602807 0.953995 0.275113 0.648105 0.966579 0.78416 0.704549 0.0408353 0.966224 0.23474 1 0.887387 1 1 0.927965 0.902496 0.337965 0.974625 0.856224 0.841438 1 0.467292 0.863876 0.205733 1 0.295943 1 0.376161 1 1 0.871212 0.813278 0.0739427 0.441012
0.456678 0.494426 0.977179 0.284697 0.471852 1 0.236611 0.948092 0 0.402001 0.984346 0.151279 1 0.989744 0.17758 0.385488 0.404702 0.990836 0.37603 0.575439 0.448093 0.526208 0.42981 0.487185 0.655946 0.471562 0.134565 0.770598 0.424309 0.602283 0.496481 0.935939 0.419463 0.907715 0.295097 0.338433 1 0.900892 0.548512 0.816053 0.333637 0.197445 0.927283 0.754991 1 1 0.838131 0.302959 0.154555 0.437507 0.0660263 0.466879 0.457591 0.0269712 0.452855 0.20533 1 0.343062 0.384964 0.433499 0.740784 0.353705 0.30409 0.796192 0.408164 0.129919 0.477163 1 0.266893 1 0.879201 0.863828 0.443163 1 0.312306 0.783416 0.986952 1 1 0.491487 0.505737 0.0340728 0.88952 0.748436 0.0840662 0.368399 0.441274 0.962113 0.959436 0.897008 1 0.221415 0.214947 0.482673 0.110309 0.185588 1 0.106222 0.272084 0.288958 1 1 0.261656 1 0.395188 0.883969 0.413789 0.71371 0.321541 0.249634 0.249682 0.323888 0.925866 0.628422
0.655196 0.160638 1 0.181239 0.138404 1 0.474892 1 0.402001 0 0.99171 0.448324 1 1 0.271387 0.0390724 0.601983 0.990978 0.058277 0.764422 0.112958 0.725752 0.0825838 0.154012 0.830472 0.67091 0.444674 0.952108 0.619845 0.785582 0.16219 1 0.0582592 1 0.516217 0.118045 1 1 0.744712 1 0.542392 0.25444 0.85689 0.936537 1 1 0.766046 0.521847 0.289495 0.0978264 0.424293 0.13343 0.124017 0.414257 0.118852 0.461773 1 0.54941 0.584726 0.0899702 0.917272 0.0987616 0.160103 0.988307 0.0181141 0.313787 0.142848 1 0.198637 1 1 1 0.105732 0.979139 0.5276 0.967577 0.981155 1 1 0.157758 0.706356 0.387792 1 0.817392 0.353884 0.569023 0.638269 1 0.961611 1 1 0.468698 0.239289 0.147945 0.435374 0.454827 1 0.335942 0.496753 0.510326 1 1 0.488483 1 0.0176494 1 0.0397726 0.881126 0.138166 0.209703 0.481228 0.534845 1 0.807863
0.980491 0.997075 0.985425 0.988592 0.995525 0.995056 0.982586 0.986096 0.984346 0.99171 0 0.982897 0.992647 0.985192 0.987227 0.990846 0.980261 0.98397 0.990453 0.985228 0.994107 0.983551 0.992997 0.996879 0.988592 0.981089 0.982975 0.991842 0.979946 0.986645 0.997021 0.986942 0.992562 0.989775 0.980712 0.989504 0.985496 0.990111 0.984205 0.992051 0.980956 0.987464 0.965527 0.990748 0.993957 0.988638 1 0.980671 0.986917 0.99354 0.983649 0.995148 0.994609 0.984058 0.994352 0.982874 0.994519 0.98091 0.980379 0.993223 0.989699 0.989825 0.988862 0.992401 0.99201 0.986466 0.995893 0.995853 0.988306 0.908467 0.991224 0.991136 0.993832 0.967296 0.980744 0.992293 0.999366 0.98526 0.876218 0.997028 0.982781 0.984763 0.991603 0.972085 0.985376 0.980475 0.98003 0.985573 0.988151 0.990725 1 0.982801 0.98762 0.996309 0.983143 0.98302 0.996478 0.985821 0.981445 0.980797 0.971865 0.995416 0.981879 0.990652 0.99127 0.991498 0.992306 0.98941 0.989164 0.988055 0.982258 0.980816 0.987706 0.987829
0.442157 0.528762 0.942268 0.34426 0.508638 1 0.126275 0.914817 0.151279 0.448324 0.982897 0 1 0.957439 0.259191 0.434271 0.373533 0.992036 0.425257 0.559884 0.488439 0.512664 0.473119 0.520673 0.642541 0.462565 0.0281531 0.744635 0.399202 0.587223 0.531188 0.900878 0.462341 0.872717 0.211029 0.390192 1 0.864704 0.534914 0.784884 0.267767 0.275629 0.929336 0.731233 1 1 0.858474 0.22251 0.245228 0.479888 0.100961 0.504015 0.49583 0.138988 0.491918 0.0870307 1 0.287382 0.349742 0.476589 0.721302 0.404366 0.360082 0.769369 0.453479 0.23109 0.513151 1 0.329971 1 0.842579 0.82715 0.484327 1 0.234754 0.756289 0.990705 0.96993 1 0.525452 0.494974 0.168633 0.851717 0.7312 0.202351 0.325217 0.418629 0.927733 0.958708 0.857233 1 0.105474 0.291858 0.517943 0.059977 0.0646932 1 0.214581 0.176428 0.201657 1 0.970623 0.159887 1 0.442038 0.847375 0.457043 0.695495 0.375415 0.317427 0.144072 0.25141 0.888897 0.61514
0.846149 1 0.182187 1 1 0.123601 1 0.236793 1 1 0.992647 1 0 0.155392 1 1 0.895785 0.991526 1 0.671339 1 0.744805 1 1 0.545764 0.827665 1 0.394687 0.878766 0.627615 1 0.261837 1 0.303223 0.966216 1 0.779967 0.310043 0.712384 0.362781 0.942281 1 1 0.411675 0.0431602 0.0868651 1 0.958089 1 1 1 1 1 1 1 1 0.0830771 0.937946 0.911635 1 0.430821 1 1 0.371778 1 1 1 0.166288 1 0.949348 0.332315 0.338496 1 1 0.951447 0.381168 1 0.127238 0.583076 1 0.777034 1 0.323447 0.765188 1 0.9241 0.862809 0.208853 0.971629 0.317476 1 1 1 1 1 1 0.232254 1 0.98837 0.973906 1 0.499128 0.995798 0.0411198 1 0.327517 1 0.466856 1 1 1 0.945801 0.279458 0.582481
0.720048 1 0.0397119 1 1 0.2454 0.921809 0.103036 0.989744 1 0.985192 0.957439 0.155392 0 1 1 0.790992 0.990372 1 0.530881 1 0.597964 1 1 0.459792 0.693384 0.962281 0.375932 0.766535 0.503048 1 0.136486 1 0.233282 0.879835 1 0.771041 0.256248 0.566348 0.354215 0.85392 1 1 0.380671 0.18742 0.103261 1 0.872084 1 1 0.97786 1 1 0.983892 1 0.936592 0.217378 0.847613 0.812027 1 0.388749 1 1 0.364057 1 1 1 0.27496 1 0.974305 0.321343 0.329558 1 1 0.865439 0.369968 1 0.0368181 0.584265 1 0.630469 0.995748 0.300811 0.7134 1 0.828756 0.744261 0.0727711 0.968059 0.277029 1 0.929375 1 1 0.970405 0.944445 0.325508 1 0.901342 0.887037 1 0.483571 0.908487 0.12824 1 0.311795 1 0.411554 1 1 0.915066 0.85888 0.170948 0.480641
0.492326 0.389881 1 0.146177 0.35787 1 0.307906 1 0.17758 0.271387 0.987227 0.259191 1 1 0 0.252511 0.439761 0.99101 0.240867 0.616845 0.325967 0.567038 0.303227 0.381893 0.695635 0.508325 0.248281 0.811577 0.457883 0.643668 0.391362 0.98723 0.292187 0.962463 0.349713 0.200224 1 0.955096 0.590508 0.870871 0.382093 0.0305212 0.906003 0.793097 1 1 0.817309 0.355157 0.0309518 0.312363 0.213375 0.351155 0.339124 0.193439 0.332852 0.287523 1 0.390803 0.423543 0.307274 0.778084 0.215606 0.163711 0.852307 0.279429 0.068179 0.364735 1 0.131584 1 0.934402 0.919625 0.31922 1 0.362172 0.832109 0.985803 1 1 0.386695 0.545671 0.157055 0.943894 0.765599 0.115062 0.406179 0.475453 1 0.959607 0.948776 1 0.297268 0.0638935 0.372139 0.2333 0.278348 1 0.092626 0.331473 0.34473 1 1 0.323612 1 0.263505 0.938373 0.285997 0.750666 0.182591 0.112924 0.31608 0.371881 0.977835 0.67017
0.639508 0.176242 1 0.162007 0.151957 1 0.461435 1 0.385488 0.0390724 0.990846 0.434271 1 1 0.252511 0 0.586281 0.990877 0.0173118 0.753943 0.126828 0.712749 0.102919 0.168634 0.82253 0.653324 0.430224 0.943523 0.604855 0.774857 0.178021 1 0.0887427 1 0.501867 0.0884975 1 1 0.73231 1 0.52715 0.235212 0.859549 0.927225 1 1 0.769822 0.507017 0.270756 0.114049 0.410503 0.147592 0.138637 0.397731 0.132822 0.446685 1 0.53397 0.568642 0.108274 0.908701 0.0646437 0.142721 0.980356 0.0587033 0.294462 0.156409 1 0.177897 1 1 1 0.120436 0.984145 0.512769 0.959311 0.981519 1 1 0.172928 0.69029 0.370452 1 0.813937 0.336346 0.553705 0.62237 1 0.964573 1 1 0.454326 0.219361 0.161641 0.419833 0.440072 1 0.316973 0.482489 0.496428 1 1 0.474126 1 0.0178578 1 0.0757804 0.873268 0.116421 0.191285 0.467489 0.519925 1 0.79722
0.139832 0.692427 0.776377 0.506279 0.674578 0.939062 0.318745 0.749204 0.404702 0.601983 0.980261 0.373533 0.895785 0.790992 0.439761 0.586281 0 0.992606 0.57703 0.41828 0.653051 0.332129 0.6341 0.686545 0.520863 0.182958 0.384078 0.612787 0.0507016 0.456078 0.694674 0.739669 0.622229 0.71447 0.248794 0.540368 1 0.707303 0.375542 0.636113 0.178766 0.449203 0.999776 0.599699 0.912451 0.858978 0.905262 0.2349 0.431279 0.643413 0.394647 0.670043 0.661334 0.399101 0.657147 0.34393 0.927407 0.151351 0.0463762 0.638736 0.591499 0.553775 0.517111 0.628884 0.608381 0.422607 0.67869 0.952352 0.495341 1 0.679284 0.666828 0.648512 1 0.220297 0.623549 0.993514 0.804281 1 0.690023 0.278842 0.408409 0.693643 0.670686 0.41459 0.0874985 0.0997364 0.762492 0.955329 0.699672 1 0.331703 0.460677 0.682529 0.387562 0.355354 0.977963 0.41612 0.282895 0.259863 1 0.845932 0.293679 0.879064 0.594805 0.687282 0.614775 0.568765 0.528038 0.483917 0.305311 0.199909 0.728779 0.493643
0.992222 0.990865 0.990525 0.990476 0.990556 0.991123 0.992409 0.99053 0.990836 0.990978 0.98397 0.992036 0.991526 0.990372 0.99101 0.990877 0.992606 0 0.990674 0.991485 0.990317 0.991048 0.990919 0.990872 0.99114 0.991921 0.991528 0.990412 0.992221 0.991575 0.990843 0.99078 0.990848 0.990397 0.992426 0.990997 0.977144 0.990855 0.9907 0.990309 0.992203 0.990958 0.969851 0.990592 0.991322 0.991184 0.993621 0.992256 0.99143 0.990318 0.991274 0.99056 0.990209 0.991076 0.99036 0.992063 0.990779 0.992387 0.992435 0.990628 0.99052 0.9912 0.990541 0.990592 0.990945 0.991191 0.990587 0.990829 0.990621 0.978739 0.990038 0.990765 0.990299 0.986276 0.992248 0.989946 0.992454 0.990949 0.986002 0.990836 0.99107 0.99039 0.990258 0.974001 0.990232 0.99231 0.991923 0.99048 0.971615 0.990195 0.994068 0.992369 0.990648 0.990661 0.991379 0.992169 0.990918 0.990816 0.992602 0.992269 0.980178 0.991893 0.992581 0.991649 0.991145 0.99008 0.990806 0.990564 0.99095 0.990219 0.992527 0.992467 0.990748 0.991197
0.629112 0.190155 1 0.149323 0.164291 1 0.453116 1 0.37603 0.058277 0.990453 0.425257 1 1 0.240867 0.0173118 0.57703 0.990674 0 0.747409 0.1377 0.703556 0.115422 0.182374 0.817048 0.642844 0.420871 0.938653 0.595103 0.767318 0.191885 1 0.102954 1 0.493354 0.0711777 1 1 0.723893 0.998865 0.518042 0.223516 0.861788 0.921545 1 1 0.772644 0.498364 0.259092 0.124188 0.401135 0.159328 0.149945 0.387959 0.143941 0.438281 1 0.524692 0.559289 0.11944 0.902851 0.0456632 0.129588 0.975321 0.076389 0.283202 0.169292 1 0.165539 1 1 1 0.130651 0.98671 0.503993 0.954361 0.98184 1 1 0.186854 0.680281 0.359811 1 0.81176 0.325098 0.544321 0.61209 1 0.965873 1 1 0.445835 0.207042 0.174898 0.410766 0.431626 1 0.30557 0.473126 0.487821 1 1 0.46487 1 0.0389193 1 0.0921714 0.868554 0.101269 0.180788 0.458569 0.511021 1 0.790185
0.325898 0.812365 0.524734 0.679156 0.805862 0.749971 0.541703 0.504905 0.575439 0.764422 0.985228 0.559884 0.671339 0.530881 0.616845 0.753943 0.41828 0.991485 0.747409 0 0.795123 0.134638 0.78532 0.808299 0.209167 0.287514 0.562864 0.418324 0.389669 0.0777968 0.814759 0.495885 0.778049 0.481668 0.518954 0.717215 0.970335 0.474624 0.0758418 0.457457 0.496718 0.626251 1 0.396972 0.703669 0.599552 0.979418 0.513696 0.608416 0.791173 0.568835 0.803984 0.79868 0.571933 0.796761 0.548335 0.729895 0.489739 0.442217 0.788166 0.374737 0.729508 0.692307 0.446639 0.768749 0.601751 0.806761 0.768543 0.666309 0.978213 0.478447 0.473886 0.793475 1 0.508137 0.436512 0.996995 0.543485 0.918396 0.81059 0.189219 0.579343 0.470848 0.627899 0.587523 0.459667 0.359707 0.51356 0.96146 0.468403 1 0.543586 0.636275 0.807801 0.567121 0.554869 0.796996 0.594733 0.531229 0.522969 1 0.704919 0.535317 0.636012 0.759556 0.473474 0.773099 0.330556 0.704848 0.654758 0.539141 0.502366 0.490338 0.144967
0.700381 0.0910131 1 0.231767 0.0510975 1 0.516727 1 0.448093 0.112958 0.994107 0.488439 1 1 0.325967 0.126828 0.653051 0.990317 0.1377 0.795123 0 0.756997 0.0503128 0.0808668 0.853549 0.712033 0.483577 0.979992 0.671787 0.813335 0.0941019 1 0.0835816 1 0.561746 0.182553 1 1 0.773949 1 0.583172 0.308257 0.85791 0.966726 1 1 0.763134 0.567599 0.344133 0.0230363 0.466018 0.0414579 0.0210266 0.458123 0.00909621 0.501209 1 0.591273 0.633514 0.0371267 0.948301 0.167733 0.217813 1 0.106125 0.367125 0.0599416 1 0.242305 1 1 1 0.00947108 0.966653 0.572233 0.998148 0.979446 1 1 0.08583 0.740569 0.434633 1 0.835345 0.406274 0.615794 0.685565 1 0.95938 1 1 0.508337 0.292082 0.0691336 0.47517 0.494303 1 0.389097 0.5411 0.55548 1 1 0.532665 1 0.118271 1 0.0979546 0.912911 0.200814 0.255509 0.524937 0.577441 1 0.833652
0.222306 0.781554 0.586536 0.629954 0.771793 0.810118 0.497076 0.571713 0.526208 0.725752 0.983551 0.512664 0.744805 0.597964 0.567038 0.712749 0.332129 0.991048 0.703556 0.134638 0.756997 0 0.746771 0.776001 0.31544 0.177769 0.513211 0.485293 0.297794 0.193227 0.784059 0.563079 0.740234 0.549656 0.47107 0.668457 0.99232 0.543092 0.0719289 0.513949 0.437397 0.575385 1 0.467395 0.773977 0.675545 0.958386 0.465894 0.559774 0.751871 0.519012 0.768891 0.762439 0.522424 0.759713 0.505991 0.792535 0.421547 0.359342 0.749094 0.44998 0.682498 0.642998 0.505482 0.730425 0.552648 0.773568 0.827181 0.618329 0.982295 0.533305 0.529444 0.754535 1 0.459804 0.4962 0.996101 0.610171 0.951018 0.779238 0.0729937 0.529191 0.535998 0.641215 0.539169 0.383417 0.262354 0.5808 0.9591 0.537857 1 0.501115 0.585766 0.775294 0.517374 0.509505 0.854129 0.545386 0.485382 0.474908 1 0.750712 0.491432 0.712628 0.720451 0.532912 0.735137 0.413126 0.655028 0.607619 0.494857 0.449363 0.556709 0.254613
0.685469 0.119399 1 0.208009 0.0906389 1 0.500935 1 0.42981 0.0825838 0.992997 0.473119 1 1 0.303227 0.102919 0.6341 0.990919 0.115422 0.78532 0.0503128 0.746771 0 0.113692 0.845715 0.700025 0.468651 0.969452 0.653917 0.804335 0.119938 1 0.0372641 1 0.544509 0.162599 1 1 0.764802 1 0.571254 0.284205 0.85676 0.956058 1 1 0.765656 0.551259 0.322787 0.0266792 0.450821 0.0835198 0.0692479 0.441374 0.060629 0.48732 1 0.578489 0.61607 0.0116199 0.937104 0.14522 0.195412 1 0.070851 0.345674 0.0968456 1 0.220068 1 1 1 0.03906 0.968898 0.557136 0.987201 0.981153 1 1 0.117154 0.730819 0.41559 1 0.827364 0.384838 0.599253 0.670772 1 0.959174 1 1 0.493646 0.2683 0.103941 0.460906 0.4806 1 0.366167 0.523843 0.538024 1 1 0.516147 1 0.0922322 1 0.0565541 0.901449 0.180607 0.235607 0.508842 0.564065 1 0.825638
0.729858 0.0161251 1 0.287966 0.0376984 1 0.544278 1 0.487185 0.154012 0.996879 0.520673 1 1 0.381893 0.168634 0.686545 0.990872 0.182374 0.808299 0.0808668 0.776001 0.113692 0 0.863639 0.740789 0.516983 0.998589 0.705 0.826017 0.0253219 1 0.14052 1 0.590803 0.231076 1 1 0.79025 1 0.617462 0.365021 0.861259 0.982731 1 1 0.756782 0.596544 0.400144 0.0959325 0.502227 0.0491738 0.0653246 0.496456 0.0728898 0.531497 1 0.628231 0.670893 0.10384 0.964801 0.214754 0.271833 1 0.151 0.421729 0.026234 1 0.301891 1 1 1 0.0889341 0.976307 0.60169 1 0.975252 1 1 0.00630738 0.763735 0.478077 1 0.849877 0.453166 0.654846 0.718629 1 0.959452 1 1 0.537171 0.35068 0.0140615 0.508548 0.52634 1 0.438918 0.568968 0.584417 1 1 0.560045 1 0.159588 1 0.149485 0.92812 0.250981 0.315694 0.551958 0.609368 1 0.843457
0.457772 0.867072 0.446735 0.75897 0.861594 0.635673 0.619824 0.419995 0.655946 0.830472 0.988592 0.642541 0.545764 0.459792 0.695635 0.82253 0.520863 0.99114 0.817048 0.209167 0.853549 0.31544 0.845715 0.863639 0 0.429623 0.644934 0.284035 0.503244 0.150274 0.869296 0.403907 0.840495 0.372979 0.588777 0.791531 0.94191 0.369218 0.264007 0.356419 0.563534 0.703988 1 0.252828 0.581706 0.486436 1 0.582804 0.688586 0.850671 0.648808 0.860494 0.856966 0.652181 0.855376 0.631126 0.611071 0.557686 0.534682 0.847992 0.213619 0.80178 0.770903 0.33772 0.833373 0.682322 0.862078 0.657923 0.746821 0.970286 0.38656 0.384141 0.852535 1 0.576741 0.313496 0.999062 0.46893 0.861412 0.865509 0.357452 0.661159 0.373973 0.609325 0.669384 0.545087 0.483951 0.43415 0.964965 0.366205 1 0.624925 0.714316 0.862739 0.648198 0.636614 0.696155 0.67568 0.602604 0.593354 1 0.635249 0.608459 0.515134 0.826835 0.378775 0.83681 0.15355 0.781124 0.735323 0.614185 0.569947 0.387768 0.0819117
0.0576929 0.747115 0.681884 0.570666 0.730857 0.880122 0.430035 0.663074 0.471562 0.67091 0.981089 0.462565 0.827665 0.693384 0.508325 0.653324 0.182958 0.991921 0.642844 0.287514 0.712033 0.177769 0.700025 0.740789 0.429623 0 0.465248 0.552508 0.145355 0.33663 0.749408 0.652909 0.689758 0.636273 0.381041 0.607642 1 0.629295 0.231174 0.579549 0.321259 0.516637 1 0.538108 0.846347 0.771329 0.929161 0.369101 0.499933 0.706698 0.469415 0.726786 0.718329 0.46926 0.714908 0.445529 0.863965 0.297347 0.214817 0.703476 0.525019 0.620618 0.583482 0.572336 0.676996 0.49264 0.733918 0.893914 0.558821 0.989327 0.611384 0.600355 0.709423 1 0.35642 0.564891 0.994445 0.706995 0.994889 0.744371 0.121124 0.475898 0.620411 0.654063 0.480675 0.246155 0.108654 0.669618 0.957809 0.623573 1 0.438753 0.526306 0.736947 0.468698 0.451456 0.919781 0.486313 0.406219 0.389279 1 0.799667 0.414851 0.803237 0.663229 0.613654 0.682881 0.500402 0.595563 0.547536 0.422266 0.33954 0.644511 0.38396
0.449231 0.525237 0.947635 0.336767 0.504132 1 0.143908 0.919858 0.134565 0.444674 0.982975 0.0281531 1 0.962281 0.248281 0.430224 0.384078 0.991528 0.420871 0.562864 0.483577 0.513211 0.468651 0.516983 0.644934 0.465248 0 0.748372 0.405629 0.589729 0.527617 0.90681 0.458287 0.878181 0.226155 0.383443 1 0.870772 0.537707 0.788538 0.283066 0.263659 0.92889 0.735757 1 1 0.855543 0.238624 0.234076 0.475206 0.0823675 0.499275 0.490815 0.122794 0.486979 0.104731 1 0.299618 0.358273 0.471901 0.723807 0.398086 0.352478 0.77337 0.449582 0.217946 0.508975 1 0.324169 1 0.847376 0.832568 0.479625 1 0.2519 0.759516 0.989906 0.974584 1 0.521885 0.497038 0.15386 0.856608 0.733954 0.185537 0.335655 0.425916 0.933022 0.959052 0.862928 1 0.124558 0.280721 0.513935 0.035334 0.0834754 1 0.200861 0.19275 0.216143 1 0.976486 0.177622 1 0.438277 0.852069 0.453146 0.698266 0.367788 0.311841 0.16148 0.268394 0.894638 0.617661
0.569626 1 0.372611 0.884628 0.992915 0.470164 0.72116 0.352955 0.770598 0.952108 0.991842 0.744635 0.394687 0.375932 0.811577 0.943523 0.612787 0.990412 0.938653 0.418324 0.979992 0.485293 0.969452 0.998589 0.284035 0.552508 0.748372 0 0.597837 0.377357 1 0.339637 0.963695 0.279175 0.681125 0.918379 0.881384 0.259682 0.456337 0.145178 0.652991 0.822757 1 0.0585757 0.418617 0.368774 1 0.673297 0.801714 0.976207 0.759249 0.990976 0.985082 0.765857 0.982769 0.730541 0.441935 0.648245 0.625767 0.972331 0.103928 0.926981 0.89694 0.105476 0.955766 0.794677 0.994306 0.497168 0.872087 0.966611 0.225184 0.210799 0.978452 1 0.666026 0.0592648 1 0.376802 0.744787 1 0.506214 0.774147 0.213114 0.571072 0.78296 0.636672 0.583241 0.364898 0.972553 0.233552 1 0.725378 0.835041 0.996163 0.753964 0.736687 0.53916 0.789031 0.700439 0.687464 1 0.552396 0.707806 0.378302 0.947762 0.219393 0.959627 0.163247 0.907943 0.858887 0.714886 0.658741 0.320977 0.331728
0.104405 0.711363 0.751889 0.523596 0.691447 0.923614 0.348421 0.72626 0.424309 0.619845 0.979946 0.399202 0.878766 0.766535 0.457883 0.604855 0.0507016 0.992221 0.595103 0.389669 0.671787 0.297794 0.653917 0.705 0.503244 0.145355 0.405629 0.597837 0 0.432675 0.713796 0.718809 0.641155 0.695768 0.280916 0.55829 1 0.689173 0.345159 0.621287 0.211931 0.467704 1 0.585414 0.895718 0.838528 0.911247 0.267761 0.448408 0.663263 0.415504 0.686365 0.678516 0.419834 0.675117 0.371269 0.911717 0.185363 0.0921681 0.65868 0.575764 0.572176 0.534938 0.614893 0.62698 0.442124 0.695707 0.936446 0.512757 0.999837 0.66206 0.650082 0.667867 1 0.25339 0.608154 0.993211 0.780283 1 0.708573 0.245208 0.426827 0.675083 0.665606 0.430336 0.123534 0.052387 0.738361 0.956264 0.681238 1 0.359508 0.479393 0.699902 0.410377 0.380621 0.96264 0.435723 0.311598 0.290658 1 0.833013 0.324865 0.861475 0.612613 0.669345 0.633695 0.552324 0.54578 0.501775 0.337695 0.233262 0.708619 0.469966
0.371608 0.829993 0.493535 0.705539 0.825064 0.714486 0.565544 0.471503 0.602283 0.785582 0.986645 0.587223 0.627615 0.503048 0.643668 0.774857 0.456078 0.991575 0.767318 0.0777968 0.813335 0.193227 0.804335 0.826017 0.150274 0.33663 0.589729 0.377357 0.432675 0 0.832373 0.462071 0.798524 0.446337 0.542681 0.741169 0.961226 0.438281 0.138496 0.421624 0.520284 0.650646 1 0.35326 0.662294 0.559317 0.987728 0.537382 0.63735 0.809613 0.595499 0.82328 0.817674 0.598262 0.815378 0.576284 0.689164 0.513784 0.478108 0.806782 0.326869 0.752495 0.718037 0.412503 0.78948 0.628991 0.825824 0.734248 0.693412 0.975234 0.445834 0.443043 0.811814 1 0.531786 0.397269 0.997872 0.511775 0.901526 0.828217 0.246094 0.604818 0.437045 0.621847 0.616037 0.495345 0.403207 0.480171 0.962873 0.434233 1 0.571623 0.66009 0.826323 0.593428 0.579802 0.766184 0.621753 0.554531 0.546699 1 0.681613 0.55792 0.593006 0.781104 0.441398 0.79388 0.279018 0.729357 0.682136 0.560991 0.526075 0.455515 0.082594
0.738287 0.00589898 1 0.297363 0.0553579 1 0.553381 1 0.496481 0.16219 0.997021 0.531188 1 1 0.391362 0.178021 0.694674 0.990843 0.191885 0.814759 0.0941019 0.784059 0.119938 0.0253219 0.869296 0.749408 0.527617 1 0.713796 0.832373 0 1 0.146043 1 0.598613 0.239815 1 1 0.797325 1 0.627228 0.374361 0.861833 0.988209 1 1 0.755804 0.604995 0.409542 0.10696 0.512205 0.0657881 0.0807012 0.506637 0.0875866 0.543261 1 0.637536 0.679291 0.111563 0.969763 0.223433 0.281307 1 0.158959 0.430532 0.0461961 1 0.310812 1 1 1 0.101213 0.973251 0.611547 1 0.975144 1 1 0.0156684 0.771879 0.48724 1 0.853733 0.462281 0.662981 0.727063 1 0.959809 1 1 0.547367 0.360362 0.035529 0.519723 0.538359 1 0.447656 0.577771 0.592512 1 1 0.569365 1 0.167958 1 0.156761 0.932763 0.259816 0.324266 0.561234 0.619349 1 0.849321
0.675107 1 0.104638 1 1 0.32597 0.864583 0.0407675 0.935939 1 0.986942 0.900878 0.261837 0.136486 0.98723 1 0.739669 0.99078 1 0.495885 1 0.563079 1 1 0.403907 0.652909 0.90681 0.339637 0.718809 0.462071 1 0 1 0.130387 0.819418 1 0.76791 0.169095 0.531904 0.32555 0.793884 0.997154 1 0.339061 0.289816 0.20782 1 0.811755 0.978145 1 0.924485 1 1 0.930561 1 0.879767 0.310975 0.78827 0.756355 1 0.340736 1 1 0.333244 1 0.969391 1 0.334505 1 0.980893 0.297585 0.306792 1 1 0.80526 0.337251 1 0.165011 0.595987 1 0.593055 0.941796 0.257097 0.628591 0.954555 0.770721 0.696724 0.0725258 0.967982 0.211259 1 0.872505 1 1 0.915926 0.887465 0.35081 0.96196 0.841732 0.826564 1 0.46107 0.849599 0.230139 1 0.281648 1 0.357206 1 1 0.857076 0.798699 0.0422447 0.42893
0.674397 0.14555 1 0.194719 0.119166 1 0.489725 1 0.419463 0.0582592 0.992562 0.462341 1 1 0.292187 0.0887427 0.622229 0.990848 0.102954 0.778049 0.0835816 0.740234 0.0372641 0.14052 0.840495 0.689758 0.458287 0.963695 0.641155 0.798524 0.146043 1 0 1 0.532947 0.152406 1 1 0.758103 1 0.559339 0.274568 0.855099 0.949196 1 1 0.762717 0.538852 0.311269 0.0638085 0.439786 0.113342 0.100834 0.431512 0.0928205 0.477544 1 0.567131 0.60452 0.0515117 0.92972 0.135701 0.185391 1 0.0403966 0.334669 0.12531 1 0.209663 1 1 1 0.0737775 0.973033 0.544793 0.98052 0.981027 1 1 0.14361 0.723413 0.405399 1 0.823301 0.373383 0.58742 0.659685 1 0.958932 1 1 0.483459 0.259503 0.132191 0.450881 0.470341 1 0.355381 0.513618 0.527019 1 1 0.505489 1 0.0746867 1 0.0190684 0.893709 0.171429 0.226792 0.497303 0.551871 1 0.819637
0.657706 1 0.212662 1 1 0.384706 0.837685 0.16057 0.907715 1 0.989775 0.872717 0.303223 0.233282 0.962463 1 0.71447 0.990397 1 0.481668 1 0.549656 1 1 0.372979 0.636273 0.878181 0.279175 0.695768 0.446337 1 0.130387 1 0 0.792686 1 0.779918 0.0448891 0.516862 0.269099 0.766191 0.972711 1 0.269695 0.333139 0.265877 1 0.784353 0.952945 1 0.894575 1 1 0.901534 1 0.851899 0.360817 0.761487 0.731637 1 0.274704 1 1 0.280197 1 0.943832 1 0.401708 1 0.974927 0.208327 0.230491 1 1 0.777316 0.283832 1 0.251094 0.605592 1 0.581048 0.914135 0.144487 0.569738 0.927416 0.745541 0.677906 0.189192 0.97933 0.0886447 1 0.844883 0.984077 1 0.886073 0.859444 0.422572 0.935761 0.815568 0.800096 1 0.451399 0.823593 0.279708 1 0.181138 1 0.302312 1 1 0.830846 0.770908 0.0934105 0.408826
0.347839 0.597014 0.865875 0.424295 0.576916 1 0.120232 0.834295 0.295097 0.516217 0.980712 0.211029 0.966216 0.879835 0.349713 0.501867 0.248794 0.992426 0.493354 0.518954 0.561746 0.47107 0.544509 0.590803 0.588777 0.381041 0.226155 0.681125 0.280916 0.542681 0.598613 0.819418 0.532947 0.792686 0 0.460508 1 0.785883 0.496514 0.712031 0.112772 0.358175 0.952815 0.667993 0.977766 0.933883 0.89543 0.0207808 0.345093 0.553164 0.262513 0.573457 0.567395 0.282981 0.564439 0.160893 0.989258 0.145408 0.220968 0.548435 0.660765 0.473873 0.436942 0.699197 0.521914 0.339488 0.581452 1 0.412839 1 0.761458 0.74971 0.557933 1 0.0505369 0.690886 0.992234 0.893118 1 0.59481 0.444162 0.307371 0.77429 0.696219 0.325382 0.195032 0.312492 0.850365 0.957326 0.779939 1 0.140342 0.37435 0.586347 0.241208 0.179011 1 0.3326 0.0671586 0.01848 1 0.895186 0.0866223 0.951235 0.509872 0.767034 0.52681 0.638853 0.448113 0.403133 0.103126 0.0827573 0.808292 0.562172
0.592396 0.238446 1 0.0940513 0.211022 1 0.41737 1 0.338433 0.118045 0.989504 0.390192 1 1 0.200224 0.0884975 0.540368 0.990997 0.0711777 0.717215 0.182553 0.668457 0.162599 0.231076 0.791531 0.607642 0.383443 0.918379 0.55829 0.741169 0.239815 1 0.152406 1 0.460508 0 1 1 0.688978 0.976077 0.489114 0.180943 0.869661 0.899127 1 1 0.782422 0.468231 0.219537 0.169499 0.364048 0.205068 0.194943 0.351494 0.189051 0.403538 1 0.494242 0.524032 0.165238 0.878049 0.0235389 0.0641029 0.954069 0.131477 0.243831 0.216964 1 0.119281 1 1 1 0.175915 0.995488 0.47635 0.935165 0.982807 1 1 0.235476 0.645241 0.322344 1 0.801855 0.285011 0.511124 0.575213 1 0.967856 1 1 0.409782 0.168822 0.223421 0.374828 0.396901 1 0.265919 0.437089 0.453412 1 1 0.429575 1 0.104452 1 0.143306 0.844849 0.0285227 0.142329 0.423903 0.483676 1 0.764718
1 1 0.771605 1 1 0.777463 1 0.766472 1 1 0.985496 1 0.779967 0.771041 1 1 1 0.977144 1 0.970335 1 0.99232 1 1 0.94191 1 1 0.881384 1 0.961226 1 0.76791 1 0.779918 1 1 0 0.785483 0.9804 0.852666 1 1 0.986621 0.890293 0.780314 0.780123 1 1 1 1 1 1 1 1 1 1 0.778871 1 1 1 0.901386 1 1 0.863508 1 1 1 0.775924 1 1 0.822053 0.831574 1 1 1 0.873511 1 0.776055 0.818495 1 1 1 0.802426 0.80203 1 1 1 0.765856 0.987118 0.792229 1 1 1 1 1 1 0.771744 1 1 1 1 0.553784 1 0.779934 1 0.812624 1 0.916604 1 1 1 1 0.771372 0.95144
0.651457 1 0.241118 1 1 0.395001 0.82979 0.19824 0.900892 1 0.990111 0.864704 0.310043 0.256248 0.955096 1 0.707303 0.990855 1 0.474624 1 0.543092 1 1 0.369218 0.629295 0.870772 0.259682 0.689173 0.438281 1 0.169095 1 0.0448891 0.785883 1 0.785483 0 0.510898 0.242646 0.758562 0.965144 1 0.25584 0.339249 0.277372 1 0.777412 0.945585 1 0.889646 1 1 0.89591 1 0.843235 0.367576 0.753718 0.724024 1 0.268305 1 1 0.258632 1 0.936305 1 0.417013 1 0.973642 0.170252 0.192607 1 1 0.770061 0.262397 1 0.267922 0.608858 1 0.573843 0.906609 0.106164 0.555169 0.919634 0.737743 0.671327 0.221933 0.9814 0.0507013 1 0.836467 0.975891 1 0.880151 0.850906 0.44298 0.927992 0.808987 0.793351 1 0.454125 0.816826 0.289499 1 0.141319 1 0.297529 1 0.995724 0.823612 0.763439 0.132251 0.401559
0.273954 0.794939 0.557385 0.653171 0.786212 0.783249 0.518255 0.539771 0.548512 0.744712 0.984205 0.534914 0.712384 0.566348 0.590508 0.73231 0.375542 0.9907 0.723893 0.0758418 0.773949 0.0719289 0.764802 0.79025 0.264007 0.231174 0.537707 0.456337 0.345159 0.138496 0.797325 0.531904 0.758103 0.516862 0.496514 0.688978 0.9804 0.510898 0 0.489567 0.467391 0.598078 1 0.435491 0.743756 0.641634 0.969564 0.491726 0.582743 0.770091 0.542192 0.783624 0.777843 0.54447 0.775657 0.525853 0.765112 0.454264 0.400373 0.767322 0.415425 0.70216 0.665226 0.47962 0.749106 0.574069 0.787749 0.800519 0.64172 0.980887 0.508862 0.505476 0.772329 1 0.485839 0.471173 0.996429 0.579295 0.93508 0.792978 0.131016 0.551967 0.506939 0.63373 0.561537 0.422986 0.313428 0.549214 0.960352 0.504014 1 0.521705 0.607445 0.789348 0.539401 0.528312 0.827814 0.567616 0.506203 0.499432 1 0.728384 0.511034 0.67918 0.739263 0.506047 0.753224 0.374757 0.676621 0.629841 0.515184 0.477836 0.525484 0.201646
0.592523 1 0.350292 0.943937 1 0.426991 0.755441 0.335196 0.816053 1 0.992051 0.784884 0.362781 0.354215 0.870871 1 0.636113 0.990309 0.998865 0.457457 1 0.513949 1 1 0.356419 0.579549 0.788538 0.145178 0.621287 0.421624 1 0.32555 1 0.269099 0.712031 0.976077 0.852666 0.242646 0.489567 0 0.68344 0.881289 1 0.184843 0.37842 0.34991 1 0.703633 0.862239 1 0.800411 1 1 0.808858 1 0.771023 0.401349 0.67706 0.651786 1 0.223813 0.985456 0.955243 0.0565743 1 0.854621 1 0.455536 0.932469 0.966634 0.121942 0.0984061 1 1 0.696168 0.103313 0.999815 0.360144 0.689399 1 0.53744 0.823453 0.159025 0.548835 0.838233 0.662302 0.607363 0.346264 0.978163 0.205395 1 0.763178 0.895 1 0.793809 0.777511 0.502412 0.846614 0.734537 0.719057 1 0.530691 0.742353 0.354903 1 0.135652 1 0.26918 0.9656 0.920272 0.749012 0.68874 0.311609 0.389466
0.282146 0.624727 0.840378 0.453683 0.601821 0.978764 0.198729 0.808406 0.333637 0.542392 0.980956 0.267767 0.942281 0.85392 0.382093 0.52715 0.178766 0.992203 0.518042 0.496718 0.583172 0.437397 0.571254 0.617462 0.563534 0.321259 0.283066 0.652991 0.211931 0.520284 0.627228 0.793884 0.559339 0.766191 0.112772 0.489114 1 0.758562 0.467391 0.68344 0 0.396387 0.968781 0.642237 0.957082 0.909079 0.893537 0.0881783 0.370577 0.577359 0.307542 0.597274 0.589511 0.325796 0.585852 0.224029 0.967786 0.0356684 0.147712 0.574505 0.633505 0.499998 0.467205 0.672875 0.547956 0.365733 0.606644 0.991619 0.440661 1 0.734394 0.720207 0.580464 1 0.0608412 0.663019 0.991586 0.867786 1 0.621828 0.397515 0.339778 0.747119 0.684026 0.354962 0.117387 0.248136 0.823301 0.954476 0.752702 1 0.210616 0.407826 0.611756 0.291493 0.2383 1 0.359976 0.160212 0.131618 1 0.878914 0.172465 0.926901 0.53582 0.739402 0.552797 0.612745 0.478559 0.428542 0.185947 0.0265967 0.784133 0.542394
0.501735 0.372797 1 0.134022 0.340834 1 0.315961 1 0.197445 0.25444 0.987464 0.275629 1 1 0.0305212 0.235212 0.449203 0.990958 0.223516 0.626251 0.308257 0.575385 0.284205 0.365021 0.703988 0.516637 0.263659 0.822757 0.467704 0.650646 0.374361 0.997154 0.274568 0.972711 0.358175 0.180943 1 0.965144 0.598078 0.881289 0.396387 0 0.901797 0.801674 1 1 0.814985 0.366336 0.064275 0.293571 0.233352 0.334106 0.322015 0.213759 0.315517 0.299463 1 0.401388 0.433328 0.288052 0.786233 0.196406 0.149157 0.862609 0.262296 0.0926928 0.347726 1 0.117432 1 0.943499 0.929442 0.301089 1 0.376585 0.842775 0.985455 1 1 0.369711 0.553958 0.17871 0.951636 0.769112 0.137732 0.418678 0.485014 1 0.960162 0.957971 1 0.30849 0.0295753 0.355151 0.251063 0.290563 1 0.115482 0.33862 0.352012 1 1 0.330313 1 0.246468 0.947067 0.268798 0.75874 0.165252 0.0955848 0.322706 0.387171 0.987606 0.678347
1 0.861599 1 0.881995 0.859359 1 0.933434 1 0.927283 0.85689 0.965527 0.929336 1 1 0.906003 0.859549 0.999776 0.969851 0.861788 1 0.85791 1 0.85676 0.861259 1 1 0.92889 1 1 1 0.861833 1 0.855099 1 0.952815 0.869661 0.986621 1 1 1 0.968781 0.901797 0 1 1 1 0.862873 0.956589 0.909674 0.856996 0.928355 0.858898 0.858339 0.929147 0.857804 0.930942 1 0.972962 0.990227 0.857057 1 0.866207 0.877803 1 0.855886 0.913399 0.860009 1 0.885111 1 1 1 0.857646 0.821651 0.960029 1 0.971617 1 1 0.861309 1 0.925125 1 1 0.92006 0.983384 1 1 0.884801 1 0.966483 0.931409 0.897924 0.860599 0.928132 0.930149 1 0.916641 0.942845 0.949766 0.977845 1 0.939312 1 0.858069 1 0.85498 1 0.873636 0.889096 0.935864 0.964435 1 1
0.55476 0.986034 0.374486 0.865116 0.977595 0.494023 0.705434 0.352473 0.754991 0.936537 0.990748 0.731233 0.411675 0.380671 0.793097 0.927225 0.599699 0.990592 0.921545 0.396972 0.966726 0.467395 0.956058 0.982731 0.252828 0.538108 0.735757 0.0585757 0.585414 0.35326 0.988209 0.339061 0.949196 0.269695 0.667993 0.899127 0.890293 0.25584 0.435491 0.184843 0.642237 0.801674 1 0 0.438454 0.377842 1 0.660382 0.785529 0.963205 0.745923 0.976008 0.971052 0.750214 0.969141 0.718832 0.464256 0.637415 0.613178 0.959229 0.0597592 0.90877 0.877383 0.147159 0.940369 0.778559 0.978622 0.52014 0.852331 0.966798 0.255752 0.244552 0.965393 1 0.653413 0.100761 1 0.382074 0.757484 0.984557 0.492239 0.759677 0.239778 0.575038 0.767597 0.623636 0.570723 0.36557 0.97113 0.239085 1 0.711813 0.813031 0.98029 0.741077 0.723591 0.562499 0.773498 0.68869 0.674259 1 0.558883 0.695578 0.391224 0.932056 0.250852 0.944557 0.121395 0.888303 0.838874 0.700614 0.647134 0.316236 0.302343
0.863723 1 0.210049 1 1 0.0856035 1 0.263432 1 1 0.993957 1 0.0431602 0.18742 1 1 0.912451 0.991322 1 0.703669 1 0.773977 1 1 0.581706 0.846347 1 0.418617 0.895718 0.662294 1 0.289816 1 0.333139 0.977766 1 0.780314 0.339249 0.743756 0.37842 0.957082 1 1 0.438454 0 0.125085 1 0.970477 1 1 1 1 1 1 1 1 0.0421613 0.953323 0.928187 1 0.459494 1 1 0.387938 1 1 1 0.127926 1 0.944354 0.34947 0.354503 1 1 0.964856 0.400626 0.996953 0.167005 0.585166 1 0.801838 1 0.34731 0.763985 1 0.940461 0.880155 0.23676 0.972526 0.345508 1 1 1 1 1 1 0.1987 1 1 0.985176 1 0.504078 1 0.0835194 1 0.34693 1 0.49808 1 1 1 0.960147 0.308162 0.619002
0.795419 1 0.124042 1 1 0.195882 0.978909 0.180828 1 1 0.988638 1 0.0868651 0.103261 1 1 0.858978 0.991184 1 0.599552 1 0.675545 1 1 0.486436 0.771329 1 0.368774 0.838528 0.559317 1 0.20782 1 0.265877 0.933883 1 0.780123 0.277372 0.641634 0.34991 0.909079 1 1 0.377842 0.125085 0 1 0.926053 1 1 1 1 1 1 1 0.991513 0.157941 0.904177 0.875694 1 0.391666 1 1 0.357299 1 1 1 0.234096 1 0.959985 0.322314 0.32843 1 1 0.919591 0.362342 1 0.0734957 0.583578 1 0.709975 1 0.308212 0.757582 1 0.888991 0.817734 0.151962 0.969576 0.291745 1 0.985288 1 1 1 0.998465 0.290281 1 0.957645 0.941753 1 0.494487 0.965469 0.0465771 1 0.316868 1 0.422503 1 1 0.972474 0.913374 0.230159 0.518844
0.922021 0.755753 1 0.796821 0.760498 1 0.874776 1 0.838131 0.766046 1 0.858474 1 1 0.817309 0.769822 0.905262 0.993621 0.772644 0.979418 0.763134 0.958386 0.765656 0.756782 1 0.929161 0.855543 1 0.911247 0.987728 0.755804 1 0.762717 1 0.89543 0.782422 1 1 0.969564 1 0.893537 0.814985 0.862873 1 1 1 0 0.896611 0.820148 0.76491 0.844938 0.761338 0.762186 0.842011 0.762501 0.867446 1 0.893676 0.901329 0.765854 1 0.778188 0.791491 1 0.764292 0.823535 0.760051 1 0.801 0.979857 1 1 0.764015 1 0.896924 1 0.972621 1 1 0.756144 0.947315 0.834739 1 0.984502 0.830404 0.897457 0.917077 1 0.967692 1 0.928113 0.870826 0.812012 0.758507 0.850561 0.863625 1 0.827252 0.8863 0.89398 1 1 0.882292 1 0.767833 1 0.762871 1 0.786466 0.805118 0.878545 0.896131 1 0.99446
